0 0 0 0
1 0 0 0
0 0 0 0
0 0 0 0
148 30 2 30
0 0 0 0
84 19 1 24
26 6 1 5
104 26 0 20
0 0 0 0
0 0 0 0
6 1 0 0
3 2 0 0
19 6 1 2
32 5 2 4
0 0 0 0
45 9 2 5
117 23 0 22
0 0 0 0
96 30 3 5
0 0 0 0
33 8 0 0
0 0 0 0
0 0 0 0
65 20 3 2
163 40 7 30
0 0 0 0
2 1 0 0
45 6 3 5
0 0 0 0
0 0 0 0
0 0 0 0
72 15 1 4
31 6 1 5
0 0 0 0
2 0 0 1
10 4 1 0
0 0 0 0
0 0 0 0
32 12 0 5
0 0 0 0
6 3 0 0
- - - -
0 0 0 0
167 32 1 31
12 4 1 1
0 0 0 0
0 0 0 0
149 35 1 33
2 1 0 0
0 0 0 0
0 0 - -
58 9 0 7
0 0 0 0
0 0 0 0
2 1 0 0
0 0 0 0
0 0 0 0
0 0 0 0
0 0 0 0
0 0 0 0
163 29 2 17
4 0 0 1
0 0 0 0
1 1 0 0
0 0 0 0
0 0 0 0
121 25 2 3
39 - 0 6
0 0 0 0
33 6 1 10
12 3 0 3
0 0 0 0
1 0 - -
15 3 0 2
151 34 3 34
0 0 0 0
0 0 0 0
0 0 0 0
145 32 3 20
126 17 6 2
2 0 0 0
1 0 0 0
43 12 0 6
0 0 0 0
0 0 0 0
49 8 0 7
17 9 1 1
0 0 0 0
0 0 0 0
0 0 0 0
107 20 7 13
98 21 1 16
83 9 2 22
50 9 0 9
0 0 0 0
0 0 0 0
0 0 0 0
0 0 0 0
0 0 0 0
0 - - 0
1 0 0 0
0 0 0 0
0 0 0 0
- - - -
0 0 0 0
0 0 0 0
0 0 0 0
0 0 0 0
86 21 0 7
0 0 0 0
2 0 0 0
0 0 0 0
24 3 1 2
0 0 0 0
2 0 0 0
0 0 0 0
0 0 0 0
19 3 0 2
40 4 0 2
1 0 0 0
0 0 0 0
0 0 0 0
0 0 0 0
0 0 0 0
55 4 1 7
0 0 0 0
0 0 0 0
0 0 0 0
0 0 0 0
0 0 0 0
4 1 0 1
0 0 0 0
52 9 2 10
130 24 1 27
89 14 2 29
6 0 0 0
0 0 0 0
136 27 2 17
0 0 0 0
0 0 0 0
0 0 0 0
0 0 0 0
49 10 1 4
0 0 0 0
0 0 0 0
123 29 3 23
0 0 0 0
191 30 1 29
0 0 0 0
1 0 0 0
0 0 0 0
0 0 0 0
0 0 0 0
56 10 1 7
1 0 0 0
139 - 4 13
0 0 0 0
14 4 0 0
0 0 0 0
4 2 0 1
0 0 0 0
0 0 0 0
156 34 1 23
94 15 0 7
0 0 0 0
0 0 0 0
5 1 0 1
1 0 0 0
0 0 0 0
0 0 0 0
58 10 2 8
0 0 0 0
0 0 0 0
1 0 0 0
0 0 0 0
0 0 0 0
51 10 0 16
63 14 3 6
146 29 3 8
3 1 0 0
0 0 0 0
1 1 0 0
0 0 0 0
94 17 0 12
0 0 0 0
0 0 0 0
0 0 0 0
0 0 0 0
62 14 0 9
0 0 0 0
0 0 0 0
28 9 0 5
0 0 0 0
60 13 1 20
3 0 0 0
4 1 0 1
0 0 0 0
2 0 0 0
87 19 2 18
49 13 0 7
0 0 0 0
0 0 0 0
7 2 0 0
0 0 0 0
4 1 0 0
0 0 0 0
1 0 0 0
0 0 0 0
0 0 0 0
10 3 1 1
8 0 0 0
3 1 0 0
0 0 0 0
0 0 0 0
0 0 0 0
0 0 0 0
3 1 0 0
72 23 - -
69 21 0 7
2 0 0 0
1 1 0 0
0 0 0 0
121 16 0 15
1 0 0 0
66 13 0 8
39 8 0 5
65 10 3 6
1 0 0 1
0 0 0 0
20 5 0 4
3 0 0 0
0 0 0 0
3 0 0 0
151 42 3 16
120 22 4 17
0 0 0 0
71 9 0 7
144 31 4 18
0 0 0 0
35 11 1 3
0 0 0 0
42 11 1 5
0 0 0 0
3 0 0 1
164 38 1 34
0 0 0 0
0 0 0 0
0 0 0 0
2 0 0 0
1 0 0 0
8 2 0 0
0 0 0 0
89 13 1 3
35 7 0 8
0 0 0 0
0 0 0 0
17 2 0 5
89 20 0 3
91 15 6 9
31 6 1 3
3 1 0 0
8 3 0 2
0 0 0 0
0 0 0 0
0 0 0 0
0 0 0 0
0 0 0 0
54 14 3 9
0 0 0 0
111 15 3 27
0 0 0 0
0 0 0 0
0 0 0 0
0 0 0 0
0 0 0 0
15 4 1 2
15 3 0 1
22 5 1 5
115 20 4 18
59 14 0 11
0 0 0 0
0 0 0 0
0 0 0 0
0 0 0 0
1 1 0 0
0 0 0 0
1 0 0 0
0 0 0 0
0 0 0 0
0 0 0 0
1 1 0 0
28 4 0 3
0 0 0 0
0 0 0 0
0 0 0 0
0 0 0 0
0 0 0 0
0 0 0 0
41 13 0 4
0 0 0 0
94 20 0 14
0 0 0 0
0 0 0 0
98 20 0 21
35 4 1 8
0 0 0 0
61 10 1 9
7 0 0 0
24 6 0 1
155 34 1 26
0 0 0 0
0 0 0 0
0 0 0 0
0 0 0 0
13 2 0 1
144 30 3 24
169 37 0 9
0 0 0 0
0 0 0 0
0 0 0 0
0 0 0 0
0 0 0 0
0 0 0 0
132 31 1 28
151 33 7 21
0 0 0 0
2 1 0 0
87 13 - 19
49 8 0 13
3 0 0 1
2 0 0 0
60 15 2 5
0 0 0 0
0 0 0 0
43 11 0 4
100 21 5 25
46 14 0 7
5 2 0 0
0 0 0 0
6 0 0 0
0 0 0 0
0 0 0 0
1 1 0 0
51 12 0 5
10 1 0 1
1 0 0 0
8 1 1 2
13 4 0 1
2 0 0 0
0 0 0 0
1 0 0 0
0 0 0 0
85 12 2 2
7 2 0 1
0 0 0 0
0 0 0 0
2 0 0 0
12 1 0 0
4 0 0 0
1 1 0 0
70 10 1 19
59 7 2 5
1 0 0 0
0 0 0 0
0 0 0 0
0 0 0 0
2 1 0 0
12 5 0 1
0 0 0 0
1 0 0 0
0 0 0 0
0 0 0 0
10 3 0 0
165 37 1 38
76 19 0 8
0 0 0 0
83 18 1 18
46 9 0 4
0 0 0 0
25 4 1 8
0 0 0 0
119 20 1 13
0 0 0 0
66 10 2 13
54 12 3 2
37 6 2 4
0 0 0 0
0 0 0 0
59 7 3 4
0 0 0 0
0 0 0 0
0 0 0 0
0 0 0 0
0 0 0 0
113 26 0 26
0 0 0 0
0 0 0 0
0 0 0 0
0 0 0 0
105 27 6 16
23 5 0 4
42 9 0 5
0 0 0 0
0 0 0 0
83 12 0 5
69 14 5 8
0 0 0 0
1 0 0 0
1 1 0 0
0 0 0 0
23 3 2 2
72 10 1 22
45 7 1 16
27 7 2 0
1 0 0 0
38 8 2 5
13 2 0 1
168 41 3 11
0 0 0 0
0 0 0 0
0 0 0 0
0 0 0 0
2 0 0 0
0 0 0 0
0 0 0 0
0 0 0 0
9 2 0 1
0 0 0 0
31 9 0 7
0 0 0 0
0 0 0 0
92 21 2 4
91 14 3 22
48 12 2 6
0 0 0 0
5 0 0 0
0 0 0 0
69 13 1 2
0 0 0 0
33 4 0 7
0 0 0 0
44 5 0 5
0 0 0 0
2 1 0 0
0 0 0 0
0 0 0 0
6 3 1 0
7 0 1 0
1 1 0 0
0 0 0 0
- 22 2 16
0 0 0 0
0 0 0 0
0 0 0 0
0 0 0 0
0 0 0 0
0 0 0 0
0 0 0 0
0 0 0 0
0 0 0 0
0 0 0 0
0 0 0 0
0 0 0 0
0 0 0 0
0 0 0 0
0 0 0 0
0 0 0 0
2 0 1 0
0 0 0 0
0 0 0 0
2 0 0 1
0 0 0 0
0 0 0 0
164 27 3 2
0 0 0 0
0 0 0 0
102 16 1 18
6 2 0 1
0 0 0 0
0 0 0 0
0 0 0 0
8 0 0 3
9 0 0 4
0 0 0 0
5 0 0 0
7 1 0 0
45 7 0 9
79 22 0 11
166 32 1 18
81 18 5 7
0 0 0 0
125 28 4 4
51 8 1 1
34 9 0 5
3 1 0 0
6 1 0 0
180 25 2 31
11 0 0 0
0 0 0 0
15 3 0 0
9 1 0 1
0 0 0 0
0 0 0 0
61 11 1 7
0 0 0 0
0 0 0 0
0 0 0 0
28 6 0 1
0 0 0 0
6 2 0 0
69 6 1 25
30 7 0 13
62 12 1 9
24 3 0 5
1 1 0 0
83 17 3 8
0 0 0 0
0 0 0 0
141 26 2 31
18 1 0 3
121 18 0 29
0 0 0 0
0 0 0 0
0 0 0 0
0 0 0 0
0 0 0 0
10 4 1 0
111 22 4 5
0 0 0 0
57 18 2 6
0 0 0 0
16 3 0 1
0 0 0 0
0 0 0 0
0 0 0 0
86 16 4 10
23 8 0 5
13 5 0 6
0 0 0 0
2 0 0 0
53 15 0 13
0 0 0 0
0 0 0 0
0 0 0 0
10 0 0 0
0 0 0 0
2 0 0 0
0 0 0 0
0 0 0 0
4 0 0 1
0 0 0 0
0 0 0 0
0 0 0 0
0 0 0 0
41 10 0 5
0 0 0 0
1 0 0 0
4 0 0 1
0 0 0 0
0 0 0 0
0 0 0 0
0 0 0 0
6 1 0 0
177 36 2 31
3 0 0 0
59 11 1 9
29 4 0 5
0 0 0 0
3 1 0 0
5 1 0 0
51 7 1 2
2 2 0 0
49 14 0 2
6 0 0 3
0 0 0 0
8 3 0 0
0 0 0 0
62 11 2 9
52 10 1 8
48 9 1 4
0 0 0 0
90 14 0 7
0 0 0 0
1 0 0 0
169 31 0 15
67 9 0 23
0 0 0 0
0 0 0 0
0 0 0 0
5 0 0 0
0 0 0 0
1 0 0 0
6 0 0 0
0 0 0 0
0 0 0 0
0 0 0 0
0 0 0 0
0 0 0 0
77 16 2 13
17 4 0 1
0 0 0 0
123 25 1 22
112 28 3 15
133 23 3 23
0 0 0 0
0 0 0 0
0 0 0 0
0 0 0 0
0 0 0 0
0 0 0 0
0 0 0 0
188 29 1 48
35 3 0 1
0 0 0 0
138 28 2 21
0 0 0 0
0 0 0 0
29 4 2 1
34 4 1 2
3 0 0 0
0 0 0 0
1 0 0 1
81 12 1 22
0 0 0 0
1 0 0 0
2 0 0 0
16 3 0 2
0 0 0 0
0 0 0 0
28 8 3 2
0 0 0 0
106 21 6 11
0 0 0 0
0 0 0 0
0 0 0 0
0 0 0 0
157 23 2 39
105 20 1 25
0 0 0 0
0 0 0 0
0 0 0 0
151 42 1 35
0 0 0 0
94 23 2 6
47 10 0 2
2 1 0 0
0 0 0 0
0 0 0 0
0 0 0 0
0 0 0 0
0 0 0 0
0 0 0 0
4 1 0 0
0 0 0 0
93 20 2 6
125 26 4 22
0 0 0 0
1 0 0 0
0 0 0 0
0 0 0 0
0 0 0 0
5 1 0 0
51 7 0 10
52 13 0 10
3 0 0 2
0 0 0 0
0 0 0 0
0 0 0 0
6 1 0 0
0 0 0 0
0 0 0 0
4 1 0 0
0 0 0 0
67 26 0 5
0 0 0 0
0 0 0 0
7 2 0 3
0 0 0 0
87 17 2 18
45 4 0 3
0 0 0 0
1 0 0 0
127 35 3 20
163 29 0 32
72 8 1 9
31 5 0 0
117 27 2 13
0 0 0 0
0 0 0 0
0 0 0 0
0 0 0 0
69 15 2 8
21 3 0 4
8 1 0 4
0 0 0 0
35 10 0 10
1 0 0 0
0 0 0 0
36 3 3 3
46 7 2 14
1 0 0 0
2 0 0 0
0 0 0 0
29 9 1 4
45 10 0 0
2 0 0 0
6 2 0 0
0 0 0 0
0 0 0 0
1 0 0 0
0 0 0 0
0 0 0 0
49 13 1 2
0 0 0 0
96 29 0 27
137 28 0 12
0 0 0 0
3 0 0 2
0 0 0 0
2 1 0 0
0 0 0 0
0 0 0 0
0 0 0 0
0 0 0 0
0 0 0 0
1 0 0 0
1 0 0 0
0 0 0 0
0 0 0 0
70 15 2 7
110 23 1 8
21 4 1 1
0 0 0 0
17 2 0 2
143 34 2 21
1 0 0 0
21 5 2 1
0 0 0 0
1 0 0 0
17 4 0 3
0 0 0 0
0 0 0 0
0 0 0 0
0 0 0 0
33 6 2 1
0 0 0 0
41 13 0 11
0 0 0 0
0 0 0 0
0 0 0 0
5 0 0 0
0 0 0 0
53 10 1 14
0 0 0 0
53 10 0 10
0 0 0 0
51 9 0 8
17 0 0 4
0 0 0 0
0 0 0 0
0 0 0 0
0 0 0 0
17 2 0 2
10 3 0 0
0 0 0 0
0 0 0 0
25 8 1 2
5 1 0 2
158 24 0 39
0 0 0 0
0 0 0 0
1 0 0 0
0 0 0 0
0 0 0 0
0 0 0 0
0 0 0 0
0 0 0 0
61 13 1 14
0 0 0 0
0 0 0 0
3 0 0 0
73 11 1 13
0 0 0 0
3 1 0 0
92 16 3 8
0 0 0 0
0 0 0 0
90 21 4 19
8 0 0 0
0 0 0 0
0 0 0 0
45 6 0 6
90 19 7 4
0 0 0 0
0 0 0 0
0 0 0 0
54 12 2 8
3 1 0 0
172 25 3 8
1 0 0 0
0 0 0 0
0 0 0 0
0 0 0 0
0 0 0 0
54 11 1 8
40 8 0 8
0 0 0 0
1 0 0 0
0 0 0 0
0 0 0 0
22 3 0 2
0 0 0 0
0 0 0 0
0 0 0 0
28 7 0 1
0 0 0 0
0 0 0 0
0 0 0 0
0 0 0 0
1 0 0 0
0 0 0 0
0 0 0 0
0 0 0 0
0 0 0 0
0 0 0 0
0 0 0 0
0 0 0 0
0 0 0 0
1 0 0 0
0 0 0 0
73 20 2 6
0 0 0 0
0 0 0 0
4 0 0 2
0 0 0 0
0 0 0 0
24 2 0 6
4 2 0 1
0 0 0 0
0 0 0 0
58 12 0 7
55 11 1 7
0 0 0 0
4 0 0 1
84 21 2 14
7 3 0 0
0 0 0 0
0 0 0 0
0 0 0 0
0 0 0 0
0 0 0 0
1 1 0 0
160 24 1 10
0 0 0 0
37 5 0 4
5 0 0 1
3 2 0 0
32 4 0 5
0 0 0 0
10 1 0 1
0 0 0 0
104 16 3 20
0 0 0 0
1 0 0 0
0 0 0 0
0 0 0 0
0 0 0 0
0 0 0 0
21 2 0 1
4 2 0 1
66 17 0 13
1 0 0 0
22 4 1 4
1 0 0 0
6 0 0 0
2 2 0 0
0 0 0 0
149 21 6 2
0 0 0 0
2 2 0 0
0 0 0 0
0 0 0 0
0 0 0 0
0 0 0 0
0 0 0 0
132 31 0 39
1 0 0 0
147 24 3 18
112 28 0 14
0 0 0 0
0 0 0 0
5 1 0 0
1 0 0 0
0 0 0 0
0 0 0 0
17 5 0 7
16 3 0 4
81 12 4 7
0 0 0 0
0 0 0 0
0 0 0 0
0 0 0 0
1 0 0 0
0 0 0 0
157 31 2 28
4 0 0 0
0 0 0 0
61 10 4 2
1 0 0 0
3 0 0 0
9 4 0 0
64 10 1 12
2 1 0 0
142 33 1 21
0 0 0 0
0 0 0 0
0 0 0 0
0 0 0 0
8 1 0 0
12 1 1 1
0 0 0 0
107 18 3 10
29 6 3 5
9 1 0 0
17 4 0 4
14 5 0 1
3 0 0 1
60 12 3 2
0 0 0 0
0 0 0 0
108 29 1 14
1 0 0 0
71 11 1 7
74 16 2 5
0 0 0 0
2 1 0 0
0 0 0 0
1 0 0 0
30 3 0 6
163 42 3 28
10 1 0 0
23 2 0 1
0 0 0 0
18 4 0 2
30 7 1 2
0 0 0 0
5 0 0 1
30 7 1 2
0 0 0 0
0 0 0 0
0 0 0 0
0 0 0 0
0 0 0 0
1 0 0 0
0 0 0 0
0 0 0 0
52 14 0 10
6 1 0 0
0 0 0 0
0 0 0 0
35 5 2 3
15 3 0 1
0 0 0 0
2 0 0 0
87 12 1 10
13 3 0 2
0 0 0 0
0 0 0 0
73 12 0 14
0 0 0 0
107 24 1 27
0 0 0 0
0 0 0 0
0 0 0 0
50 15 0 1
0 0 0 0
31 6 1 2
1 0 0 0
19 3 1 3
20 6 1 5
12 2 1 1
34 9 0 7
134 32 1 23
97 19 1 7
0 0 0 0
121 29 3 27
1 1 0 0
0 0 0 0
0 0 0 0
0 0 0 0
6 3 0 0
0 0 0 0
65 15 3 6
1 1 0 0
0 0 0 0
0 0 0 0
0 0 0 0
36 5 0 2
0 0 0 0
48 11 1 6
30 7 0 2
65 9 1 7
184 42 3 10
0 0 0 0
38 8 0 6
0 0 0 0
0 0 0 0
10 3 0 0
0 0 0 0
75 9 3 20
3 0 0 0
0 0 0 0
0 0 0 0
39 8 0 4
0 0 0 0
0 0 0 0
1 1 0 0
0 0 0 0
0 0 0 0
0 0 0 0
0 0 0 0
0 0 0 0
0 0 0 0
0 0 0 0
0 0 0 0
0 0 0 0
111 19 0 11
0 0 0 0
137 33 1 14
29 8 1 6
3 0 0 1
0 0 0 0
0 0 0 0
0 0 0 0
0 0 0 0
60 11 2 12
0 0 0 0
82 12 0 10
0 0 0 0
0 0 0 0
52 11 1 10
0 0 0 0
0 0 0 0
0 0 0 0
0 0 0 0
1 0 0 0
0 0 0 0
7 1 0 0
3 0 0 0
2 1 1 0
136 23 1 33
38 12 0 6
1 0 0 0
175 37 5 30
124 26 2 36
0 0 0 0
1 0 0 0
0 0 0 0
0 0 0 0
85 23 0 17
56 8 0 11
7 2 0 0
113 24 2 17
0 0 0 0
111 24 2 19
104 20 0 11
0 0 0 0
59 13 0 7
0 0 0 0
0 0 0 0
0 0 0 0
0 0 0 0
0 0 0 0
11 1 0 3
4 2 0 1
0 0 0 0
0 0 0 0
117 22 3 5
0 0 0 0
34 5 1 3
95 17 3 8
0 0 0 0
0 0 0 0
1 0 0 0
29 7 0 1
7 2 0 0
47 12 0 2
0 0 0 0
26 3 1 5
0 0 0 0
0 0 0 0
0 0 0 0
0 0 0 0
3 1 0 2
3 0 0 1
0 0 0 0
43 12 3 10
10 3 0 4
1 0 0 0
0 0 0 0
0 0 0 0
0 0 0 0
0 0 0 0
65 12 0 15
8 3 0 2
53 5 1 9
138 26 8 46
0 0 0 0
24 2 0 5
7 2 0 0
153 35 0 39
138 26 2 34
0 0 0 0
86 14 2 11
0 0 0 0
0 0 0 0
0 0 0 0
0 0 0 0
0 0 0 0
0 0 0 0
1 0 0 0
3 0 0 0
0 0 0 0
0 0 0 0
14 4 3 1
40 6 0 7
7 3 0 1
1 0 0 0
1 1 0 0
0 0 0 0
0 0 0 0
7 0 0 0
28 6 0 2
21 3 0 1
0 0 0 0
15 3 1 1
0 0 0 0
0 0 0 0
25 5 2 3
23 5 0 2
0 0 0 0
0 0 0 0
0 0 0 0
0 0 0 0
0 0 0 0
0 0 0 0
0 0 0 0
4 0 0 0
0 0 0 0
4 0 0 0
0 0 0 0
59 11 2 11
43 8 1 7
0 0 0 0
0 0 0 0
126 30 8 8
4 0 0 0
0 0 0 0
0 0 0 0
0 0 0 0
29 7 0 6
0 0 0 0
8 3 1 0
0 0 0 0
0 0 0 0
1 0 0 0
0 0 0 0
30 8 1 7
0 0 0 0
21 3 0 7
169 24 0 48
1 1 0 0
0 0 0 0
5 2 0 1
39 7 1 12
64 11 1 6
0 0 0 0
0 0 0 0
109 24 2 15
0 0 0 0
52 9 4 13
0 0 0 0
0 0 0 0
75 11 2 15
34 6 0 13
52 16 1 6
0 0 0 0
38 8 0 5
0 0 0 0
45 7 0 3
0 0 0 0
0 0 0 0
70 12 2 11
158 35 2 33
114 27 1 21
0 0 0 0
0 0 0 0
0 0 0 0
0 0 0 0
0 0 0 0
0 0 0 0
0 0 0 0
120 23 0 18
1 0 0 0
21 4 0 1
0 0 0 0
4 1 0 0
80 17 2 4
0 0 0 0
0 0 0 0
17 0 0 5
48 3 0 12
0 0 0 0
0 0 0 0
1 0 0 0
0 0 0 0
9 2 2 0
0 0 0 0
1 0 0 0
0 0 0 0
25 12 0 2
0 0 0 0
12 1 0 2
0 0 0 0
91 21 1 7
147 32 5 36
0 0 0 0
0 0 0 0
0 0 0 0
0 0 0 0
0 0 0 0
0 0 0 0
0 0 0 0
10 2 0 1
24 5 0 6
7 0 0 2
0 0 0 0
1 0 0 0
0 0 0 0
0 0 0 0
0 0 0 0
125 25 4 17
39 11 0 2
0 0 0 0
0 0 0 0
0 0 0 0
1 1 0 0
34 7 0 2
0 0 0 0
0 0 0 0
52 13 0 6
135 33 0 31
35 1 0 6
0 0 0 0
106 18 2 30
20 5 0 1
54 10 4 5
169 35 8 24
1 1 0 0
0 0 0 0
0 0 0 0
0 0 0 0
2 0 0 0
0 0 0 0
179 33 1 33
4 0 0 1
0 0 0 0
0 0 0 0
14 1 0 1
15 2 0 2
23 4 0 1
13 3 0 2
3 0 0 0
7 2 0 0
80 16 3 14
43 7 0 8
0 0 0 0
0 0 0 0
12 2 0 2
93 22 1 13
0 0 0 0
0 0 0 0
64 21 1 2
0 0 0 0
110 21 3 15
0 0 0 0
0 0 0 0
0 0 0 0
0 0 0 0
0 0 0 0
0 0 0 0
0 0 0 0
0 0 0 0
0 0 0 0
0 0 0 0
0 0 0 0
27 5 3 6
0 0 0 0
0 0 0 0
3 0 0 0
0 0 0 0
128 32 3 11
35 14 0 6
131 30 3 9
0 0 0 0
0 0 0 0
0 0 0 0
0 0 0 0
0 0 0 0
0 0 0 0
11 2 0 1
13 2 0 1
0 0 0 0
0 0 0 0
21 3 0 3
38 10 0 9
15 1 0 3
155 25 6 11
72 15 1 7
26 4 2 7
0 0 0 0
8 0 0 0
0 0 0 0
0 0 0 0
0 0 0 0
71 13 2 16
0 0 0 0
1 0 0 1
23 3 0 2
15 3 0 3
6 1 0 0
0 0 0 0
0 0 0 0
0 0 0 0
0 0 0 0
0 0 0 0
0 0 0 0
0 0 0 0
9 2 0 0
2 2 0 0
0 0 0 0
78 13 1 23
57 8 2 14
0 0 0 0
0 0 0 0
13 0 0 4
1 0 0 0
0 0 0 0
105 24 0 30
98 24 0 18
121 15 0 19
21 2 1 5
0 0 0 0
0 0 0 0
0 0 0 0
0 0 0 0
0 0 0 0
1 1 0 0
0 0 0 0
0 0 0 0
0 0 0 0
0 0 0 0
0 0 0 0
0 0 0 0
5 3 0 0
0 0 0 0
0 0 0 0
0 0 0 0
173 30 1 22
0 0 0 0
36 7 2 3
67 9 0 25
39 10 0 7
3 1 0 1
76 19 1 13
0 0 0 0
0 0 0 0
0 0 0 0
108 22 3 16
128 29 1 35
149 27 3 14
0 0 0 0
0 0 0 0
173 39 2 45
2 0 0 0
28 4 0 1
0 0 0 0
94 18 0 11
0 0 0 0
0 0 0 0
34 8 0 6
10 3 0 3
40 8 0 11
0 0 0 0
1 0 0 0
0 0 0 0
0 0 0 0
0 0 0 0
0 0 0 0
22 4 0 6
0 0 0 0
48 6 1 0
92 12 0 3
0 0 0 0
0 0 0 0
14 0 1 4
10 2 0 0
1 1 0 0
0 0 0 0
0 0 0 0
66 12 1 12
0 0 0 0
0 0 0 0
0 0 0 0
2 1 0 0
109 20 0 11
0 0 0 0
0 0 0 0
0 0 0 0
1 0 0 0
15 3 0 0
3 0 0 1
133 27 4 11
0 0 0 0
0 0 0 0
107 19 2 25
3 0 0 0
0 0 0 0
4 0 0 0
0 0 0 0
42 6 1 1
111 18 2 11
86 17 0 7
59 16 0 13
56 11 0 14
0 0 0 0
0 0 0 0
0 0 0 0
78 8 4 6
0 0 0 0
157 20 2 29
5 1 1 1
0 0 0 0
0 0 0 0
79 19 1 22
0 0 0 0
92 20 1 8
1 0 0 0
0 0 0 0
139 19 0 35
0 0 0 0
68 11 1 13
0 0 0 0
0 0 0 0
2 0 0 0
0 0 0 0
0 0 0 0
100 21 0 10
44 6 0 5
55 10 0 12
1 0 0 0
0 0 0 0
0 0 0 0
0 0 0 0
2 1 0 0
132 34 5 24
0 0 0 0
1 1 0 0
0 0 0 0
85 13 1 2
68 16 0 2
0 0 0 0
0 0 0 0
0 0 0 0
0 0 0 0
0 0 0 0
5 2 0 0
0 0 0 0
6 2 0 0
100 23 0 31
0 0 0 0
3 2 0 0
0 0 0 0
0 0 0 0
0 0 0 0
49 8 0 6
146 33 2 27
0 0 0 0
0 0 0 0
0 0 0 0
0 0 0 0
0 0 0 0
0 0 0 0
0 0 0 0
0 0 0 0
133 26 2 6
0 0 0 0
0 0 0 0
135 31 0 42
3 1 0 0
27 4 0 4
28 6 2 3
0 0 0 0
129 25 4 20
0 0 0 0
118 16 1 12
60 9 3 12
0 0 0 0
1 0 0 0
29 4 1 4
43 10 1 7
0 0 0 0
0 0 0 0
4 2 0 0
1 0 0 0
0 0 0 0
1 0 0 0
5 1 0 0
48 14 2 7
1 0 0 0
0 0 0 0
0 0 0 0
0 0 0 0
7 1 0 4
2 1 0 0
0 0 0 0
0 0 0 0
0 0 0 0
0 0 0 0
0 0 0 0
1 0 0 0
14 2 1 2
1 0 0 0
0 0 0 0
23 1 0 6
57 11 0 5
119 22 0 9
84 16 2 15
77 10 1 7
0 0 0 0
2 0 0 0
25 7 0 8
0 0 0 0
10 2 0 1
68 14 0 5
0 0 0 0
4 0 0 1
0 0 0 0
0 0 0 0
39 8 1 8
13 4 0 0
3 0 0 0
34 8 1 8
26 4 2 2
149 37 3 30
0 0 0 0
148 22 0 27
125 17 3 18
70 17 0 10
0 0 0 0
1 0 0 0
0 0 0 0
67 12 0 17
0 0 0 0
12 2 0 0
122 25 1 23
73 14 0 7
1 0 0 0
112 18 2 14
52 8 0 5
0 0 0 0
0 0 0 0
0 0 0 0
22 6 0 1
58 17 2 6
3 2 0 0
1 0 0 0
8 1 1 0
70 17 2 11
0 0 0 0
98 22 0 15
118 23 1 6
2 0 0 0
0 0 0 0
15 4 1 1
157 32 2 13
0 0 0 0
0 0 0 0
23 3 1 2
0 0 0 0
113 18 2 18
0 0 0 0
47 8 0 9
28 6 1 5
13 0 0 2
51 7 1 11
13 4 0 3
1 0 0 0
119 23 1 36
0 0 0 0
0 0 0 0
0 0 0 0
0 0 0 0
0 0 0 0
85 17 3 18
34 5 1 0
7 2 0 0
98 23 1 10
5 0 0 0
12 2 1 0
32 10 0 1
147 34 1 29
13 2 1 2
0 0 0 0
52 15 0 8
0 0 0 0
0 0 0 0
0 0 0 0
0 0 0 0
0 0 0 0
4 0 0 1
2 0 0 0
0 0 0 0
6 2 1 1
0 0 0 0
0 0 0 0
0 0 0 0
0 0 0 0
0 0 0 0
0 0 0 0
0 0 0 0
7 1 0 0
0 0 0 0
0 0 0 0
0 0 0 0
0 0 0 0
122 31 4 11
11 2 0 0
35 6 1 6
14 3 0 2
0 0 0 0
1 0 0 0
0 0 0 0
0 0 0 0
1 0 0 0
0 0 0 0
12 3 0 0
0 0 0 0
19 0 0 4
24 4 0 1
7 1 0 1
0 0 0 0
0 0 0 0
0 0 0 0
4 0 0 0
1 0 0 0
1 0 0 0
0 0 0 0
0 0 0 0
1 0 0 0
2 1 1 0
0 0 0 0
0 0 0 0
129 32 1 24
0 0 0 0
78 13 0 28
0 0 0 0
0 0 0 0
0 0 0 0
0 0 0 0
3 0 0 0
4 1 1 0
10 2 1 0
121 32 2 14
0 0 0 0
2 0 0 0
0 0 0 0
6 0 0 0
0 0 0 0
0 0 0 0
1 1 0 0
0 0 0 0
24 4 0 4
0 0 0 0
1 0 0 0
0 0 0 0
0 0 0 0
0 0 0 0
105 28 3 25
99 19 2 9
7 1 0 2
0 0 0 0
0 0 0 0
19 7 0 6
0 0 0 0
17 3 0 5
0 0 0 0
0 0 0 0
68 9 1 8
0 0 0 0
0 0 0 0
0 0 0 0
62 16 0 14
0 0 0 0
72 11 2 33
